2009 1 1 2009 7 20 0 0 0 1 0.05 25 n 0 100 h
2011 1 1 2011 7 20 0 0 0 1 0.05 25 n 0 100 h
2013 1 1 2013 7 20 0 0 0 1 0.05 25 n 0 100 h
2009 1 15 2009 8 3 0 0 0 1 0.05 25 n 0 100 h
2011 1 15 2011 8 3 0 0 0 1 0.05 25 n 0 100 h
2013 1 15 2013 8 3 0 0 0 1 0.05 25 n 0 100 h
2009 1 29 2009 8 17 0 0 0 1 0.05 25 n 0 100 h
2011 1 29 2011 8 17 0 0 0 1 0.05 25 n 0 100 h
2013 1 29 2013 8 17 0 0 0 1 0.05 25 n 0 100 h
2009 2 12 2009 8 31 0 0 0 1 0.05 25 n 0 100 h
2011 2 12 2011 8 31 0 0 0 1 0.05 25 n 0 100 h
2013 2 12 2013 8 31 0 0 0 1 0.05 25 n 0 100 h
2009 2 26 2009 9 14 0 0 0 1 0.05 25 n 0 100 h
2011 2 26 2011 9 14 0 0 0 1 0.05 25 n 0 100 h
2013 2 26 2013 9 14 0 0 0 1 0.05 25 n 0 100 h
2009 3 12 2009 9 28 0 0 0 1 0.05 25 n 0 100 h
2011 3 12 2011 9 28 0 0 0 1 0.05 25 n 0 100 h
2013 3 12 2013 9 28 0 0 0 1 0.05 25 n 0 100 h
2009 3 26 2009 10 12 0 0 0 1 0.05 25 n 0 100 h
2011 3 26 2011 10 12 0 0 0 1 0.05 25 n 0 100 h
2013 3 26 2013 10 12 0 0 0 1 0.05 25 n 0 100 h
2009 4 9 2009 10 26 0 0 0 1 0.05 25 n 0 100 h
2011 4 9 2011 10 26 0 0 0 1 0.05 25 n 0 100 h
2013 4 9 2013 10 26 0 0 0 1 0.05 25 n 0 100 h
2009 4 23 2009 11 9 0 0 0 1 0.05 25 n 0 100 h
2011 4 23 2011 11 9 0 0 0 1 0.05 25 n 0 100 h
2013 4 23 2013 11 9 0 0 0 1 0.05 25 n 0 100 h
2009 5 7 2009 11 23 0 0 0 1 0.05 25 n 0 100 h
2011 5 7 2011 11 23 0 0 0 1 0.05 25 n 0 100 h
2013 5 7 2013 11 23 0 0 0 1 0.05 25 n 0 100 h
2009 5 21 2009 12 7 0 0 0 1 0.05 25 n 0 100 h
2011 5 21 2011 12 7 0 0 0 1 0.05 25 n 0 100 h
2013 5 21 2013 12 7 0 0 0 1 0.05 25 n 0 100 h
2009 6 4 2009 12 21 0 0 0 1 0.05 25 n 0 100 h
2011 6 4 2011 12 21 0 0 0 1 0.05 25 n 0 100 h
2013 6 4 2013 12 21 0 0 0 1 0.05 25 n 0 100 h
2009 6 18 2010 1 4 0 0 0 1 0.05 25 n 0 100 h
2011 6 18 2012 1 4 0 0 0 1 0.05 25 n 0 100 h
2013 6 18 2014 1 4 0 0 0 1 0.05 25 n 0 100 h
2009 7 2 2010 1 18 0 0 0 1 0.05 25 n 0 100 h
2011 7 2 2012 1 18 0 0 0 1 0.05 25 n 0 100 h
2013 7 2 2014 1 18 0 0 0 1 0.05 25 n 0 100 h
2009 7 16 2010 2 1 0 0 0 1 0.05 25 n 0 100 h
2011 7 16 2012 2 1 0 0 0 1 0.05 25 n 0 100 h
2013 7 16 2014 2 1 0 0 0 1 0.05 25 n 0 100 h
2009 7 30 2010 2 15 0 0 0 1 0.05 25 n 0 100 h
2011 7 30 2012 2 15 0 0 0 1 0.05 25 n 0 100 h
2013 7 30 2014 2 15 0 0 0 1 0.05 25 n 0 100 h
2009 8 13 2010 3 1 0 0 0 1 0.05 25 n 0 100 h
2011 8 13 2012 2 29 0 0 0 1 0.05 25 n 0 100 h
2013 8 13 2014 3 1 0 0 0 1 0.05 25 n 0 100 h
2009 8 27 2010 3 15 0 0 0 1 0.05 25 n 0 100 h
2011 8 27 2012 3 14 0 0 0 1 0.05 25 n 0 100 h
2013 8 27 2014 3 15 0 0 0 1 0.05 25 n 0 100 h
2009 9 10 2010 3 29 0 0 0 1 0.05 25 n 0 100 h
2011 9 10 2012 3 28 0 0 0 1 0.05 25 n 0 100 h
2013 9 10 2014 3 29 0 0 0 1 0.05 25 n 0 100 h
2009 9 24 2010 4 12 0 0 0 1 0.05 25 n 0 100 h
2011 9 24 2012 4 11 0 0 0 1 0.05 25 n 0 100 h
2013 9 24 2014 4 12 0 0 0 1 0.05 25 n 0 100 h
2009 10 8 2010 4 26 0 0 0 1 0.05 25 n 0 100 h
2011 10 8 2012 4 25 0 0 0 1 0.05 25 n 0 100 h
2013 10 8 2014 4 26 0 0 0 1 0.05 25 n 0 100 h
2009 10 22 2010 5 10 0 0 0 1 0.05 25 n 0 100 h
2011 10 22 2012 5 9 0 0 0 1 0.05 25 n 0 100 h
2013 10 22 2014 5 10 0 0 0 1 0.05 25 n 0 100 h
2009 11 5 2010 5 24 0 0 0 1 0.05 25 n 0 100 h
2011 11 5 2012 5 23 0 0 0 1 0.05 25 n 0 100 h
2013 11 5 2014 5 24 0 0 0 1 0.05 25 n 0 100 h
2009 11 19 2010 6 7 0 0 0 1 0.05 25 n 0 100 h
2011 11 19 2012 6 6 0 0 0 1 0.05 25 n 0 100 h
2013 11 19 2014 6 7 0 0 0 1 0.05 25 n 0 100 h
2009 12 3 2010 6 21 0 0 0 1 0.05 25 n 0 100 h
2011 12 3 2012 6 20 0 0 0 1 0.05 25 n 0 100 h
2013 12 3 2014 6 21 0 0 0 1 0.05 25 n 0 100 h
2009 12 17 2010 7 5 0 0 0 1 0.05 25 n 0 100 h
2011 12 17 2012 7 4 0 0 0 1 0.05 25 n 0 100 h
2013 12 17 2014 7 5 0 0 0 1 0.05 25 n 0 100 h
2009 12 31 2010 7 19 0 0 0 1 0.05 25 n 0 100 h
2011 12 31 2012 7 18 0 0 0 1 0.05 25 n 0 100 h
2013 12 31 2014 7 19 0 0 0 1 0.05 25 n 0 100 h
2009 1 1 2009 7 20 0 0 0 0.1 0.05 25 n 0 100 h
2011 1 1 2011 7 20 0 0 0 0.1 0.05 25 n 0 100 h
2013 1 1 2013 7 20 0 0 0 0.1 0.05 25 n 0 100 h
2009 1 15 2009 8 3 0 0 0 0.1 0.05 25 n 0 100 h
2011 1 15 2011 8 3 0 0 0 0.1 0.05 25 n 0 100 h
2013 1 15 2013 8 3 0 0 0 0.1 0.05 25 n 0 100 h
2009 1 29 2009 8 17 0 0 0 0.1 0.05 25 n 0 100 h
2011 1 29 2011 8 17 0 0 0 0.1 0.05 25 n 0 100 h
2013 1 29 2013 8 17 0 0 0 0.1 0.05 25 n 0 100 h
2009 2 12 2009 8 31 0 0 0 0.1 0.05 25 n 0 100 h
2011 2 12 2011 8 31 0 0 0 0.1 0.05 25 n 0 100 h
2013 2 12 2013 8 31 0 0 0 0.1 0.05 25 n 0 100 h
2009 2 26 2009 9 14 0 0 0 0.1 0.05 25 n 0 100 h
2011 2 26 2011 9 14 0 0 0 0.1 0.05 25 n 0 100 h
2013 2 26 2013 9 14 0 0 0 0.1 0.05 25 n 0 100 h
2009 3 12 2009 9 28 0 0 0 0.1 0.05 25 n 0 100 h
2011 3 12 2011 9 28 0 0 0 0.1 0.05 25 n 0 100 h
2013 3 12 2013 9 28 0 0 0 0.1 0.05 25 n 0 100 h
2009 3 26 2009 10 12 0 0 0 0.1 0.05 25 n 0 100 h
2011 3 26 2011 10 12 0 0 0 0.1 0.05 25 n 0 100 h
2013 3 26 2013 10 12 0 0 0 0.1 0.05 25 n 0 100 h
2009 4 9 2009 10 26 0 0 0 0.1 0.05 25 n 0 100 h
2011 4 9 2011 10 26 0 0 0 0.1 0.05 25 n 0 100 h
2013 4 9 2013 10 26 0 0 0 0.1 0.05 25 n 0 100 h
2009 4 23 2009 11 9 0 0 0 0.1 0.05 25 n 0 100 h
2011 4 23 2011 11 9 0 0 0 0.1 0.05 25 n 0 100 h
2013 4 23 2013 11 9 0 0 0 0.1 0.05 25 n 0 100 h
2009 5 7 2009 11 23 0 0 0 0.1 0.05 25 n 0 100 h
2011 5 7 2011 11 23 0 0 0 0.1 0.05 25 n 0 100 h
2013 5 7 2013 11 23 0 0 0 0.1 0.05 25 n 0 100 h
2009 5 21 2009 12 7 0 0 0 0.1 0.05 25 n 0 100 h
2011 5 21 2011 12 7 0 0 0 0.1 0.05 25 n 0 100 h
2013 5 21 2013 12 7 0 0 0 0.1 0.05 25 n 0 100 h
2009 6 4 2009 12 21 0 0 0 0.1 0.05 25 n 0 100 h
2011 6 4 2011 12 21 0 0 0 0.1 0.05 25 n 0 100 h
2013 6 4 2013 12 21 0 0 0 0.1 0.05 25 n 0 100 h
2009 6 18 2010 1 4 0 0 0 0.1 0.05 25 n 0 100 h
2011 6 18 2012 1 4 0 0 0 0.1 0.05 25 n 0 100 h
2013 6 18 2014 1 4 0 0 0 0.1 0.05 25 n 0 100 h
2009 7 2 2010 1 18 0 0 0 0.1 0.05 25 n 0 100 h
2011 7 2 2012 1 18 0 0 0 0.1 0.05 25 n 0 100 h
2013 7 2 2014 1 18 0 0 0 0.1 0.05 25 n 0 100 h
2009 7 16 2010 2 1 0 0 0 0.1 0.05 25 n 0 100 h
2011 7 16 2012 2 1 0 0 0 0.1 0.05 25 n 0 100 h
2013 7 16 2014 2 1 0 0 0 0.1 0.05 25 n 0 100 h
2009 7 30 2010 2 15 0 0 0 0.1 0.05 25 n 0 100 h
2011 7 30 2012 2 15 0 0 0 0.1 0.05 25 n 0 100 h
2013 7 30 2014 2 15 0 0 0 0.1 0.05 25 n 0 100 h
2009 8 13 2010 3 1 0 0 0 0.1 0.05 25 n 0 100 h
2011 8 13 2012 2 29 0 0 0 0.1 0.05 25 n 0 100 h
2013 8 13 2014 3 1 0 0 0 0.1 0.05 25 n 0 100 h
2009 8 27 2010 3 15 0 0 0 0.1 0.05 25 n 0 100 h
2011 8 27 2012 3 14 0 0 0 0.1 0.05 25 n 0 100 h
2013 8 27 2014 3 15 0 0 0 0.1 0.05 25 n 0 100 h
2009 9 10 2010 3 29 0 0 0 0.1 0.05 25 n 0 100 h
2011 9 10 2012 3 28 0 0 0 0.1 0.05 25 n 0 100 h
2013 9 10 2014 3 29 0 0 0 0.1 0.05 25 n 0 100 h
2009 9 24 2010 4 12 0 0 0 0.1 0.05 25 n 0 100 h
2011 9 24 2012 4 11 0 0 0 0.1 0.05 25 n 0 100 h
2013 9 24 2014 4 12 0 0 0 0.1 0.05 25 n 0 100 h
2009 10 8 2010 4 26 0 0 0 0.1 0.05 25 n 0 100 h
2011 10 8 2012 4 25 0 0 0 0.1 0.05 25 n 0 100 h
2013 10 8 2014 4 26 0 0 0 0.1 0.05 25 n 0 100 h
2009 10 22 2010 5 10 0 0 0 0.1 0.05 25 n 0 100 h
2011 10 22 2012 5 9 0 0 0 0.1 0.05 25 n 0 100 h
2013 10 22 2014 5 10 0 0 0 0.1 0.05 25 n 0 100 h
2009 11 5 2010 5 24 0 0 0 0.1 0.05 25 n 0 100 h
2011 11 5 2012 5 23 0 0 0 0.1 0.05 25 n 0 100 h
2013 11 5 2014 5 24 0 0 0 0.1 0.05 25 n 0 100 h
2009 11 19 2010 6 7 0 0 0 0.1 0.05 25 n 0 100 h
2011 11 19 2012 6 6 0 0 0 0.1 0.05 25 n 0 100 h
2013 11 19 2014 6 7 0 0 0 0.1 0.05 25 n 0 100 h
2009 12 3 2010 6 21 0 0 0 0.1 0.05 25 n 0 100 h
2011 12 3 2012 6 20 0 0 0 0.1 0.05 25 n 0 100 h
2013 12 3 2014 6 21 0 0 0 0.1 0.05 25 n 0 100 h
2009 12 17 2010 7 5 0 0 0 0.1 0.05 25 n 0 100 h
2011 12 17 2012 7 4 0 0 0 0.1 0.05 25 n 0 100 h
2013 12 17 2014 7 5 0 0 0 0.1 0.05 25 n 0 100 h
2009 12 31 2010 7 19 0 0 0 0.1 0.05 25 n 0 100 h
2011 12 31 2012 7 18 0 0 0 0.1 0.05 25 n 0 100 h
2013 12 31 2014 7 19 0 0 0 0.1 0.05 25 n 0 100 h
2009 1 1 2009 7 20 0 0 0 1 0.05 25 d 0 100 h
2011 1 1 2011 7 20 0 0 0 1 0.05 25 d 0 100 h
2013 1 1 2013 7 20 0 0 0 1 0.05 25 d 0 100 h
2009 1 15 2009 8 3 0 0 0 1 0.05 25 d 0 100 h
2011 1 15 2011 8 3 0 0 0 1 0.05 25 d 0 100 h
2013 1 15 2013 8 3 0 0 0 1 0.05 25 d 0 100 h
2009 1 29 2009 8 17 0 0 0 1 0.05 25 d 0 100 h
2011 1 29 2011 8 17 0 0 0 1 0.05 25 d 0 100 h
2013 1 29 2013 8 17 0 0 0 1 0.05 25 d 0 100 h
2009 2 12 2009 8 31 0 0 0 1 0.05 25 d 0 100 h
2011 2 12 2011 8 31 0 0 0 1 0.05 25 d 0 100 h
2013 2 12 2013 8 31 0 0 0 1 0.05 25 d 0 100 h
2009 2 26 2009 9 14 0 0 0 1 0.05 25 d 0 100 h
2011 2 26 2011 9 14 0 0 0 1 0.05 25 d 0 100 h
2013 2 26 2013 9 14 0 0 0 1 0.05 25 d 0 100 h
2009 3 12 2009 9 28 0 0 0 1 0.05 25 d 0 100 h
2011 3 12 2011 9 28 0 0 0 1 0.05 25 d 0 100 h
2013 3 12 2013 9 28 0 0 0 1 0.05 25 d 0 100 h
2009 3 26 2009 10 12 0 0 0 1 0.05 25 d 0 100 h
2011 3 26 2011 10 12 0 0 0 1 0.05 25 d 0 100 h
2013 3 26 2013 10 12 0 0 0 1 0.05 25 d 0 100 h
2009 4 9 2009 10 26 0 0 0 1 0.05 25 d 0 100 h
2011 4 9 2011 10 26 0 0 0 1 0.05 25 d 0 100 h
2013 4 9 2013 10 26 0 0 0 1 0.05 25 d 0 100 h
2009 4 23 2009 11 9 0 0 0 1 0.05 25 d 0 100 h
2011 4 23 2011 11 9 0 0 0 1 0.05 25 d 0 100 h
2013 4 23 2013 11 9 0 0 0 1 0.05 25 d 0 100 h
2009 5 7 2009 11 23 0 0 0 1 0.05 25 d 0 100 h
2011 5 7 2011 11 23 0 0 0 1 0.05 25 d 0 100 h
2013 5 7 2013 11 23 0 0 0 1 0.05 25 d 0 100 h
2009 5 21 2009 12 7 0 0 0 1 0.05 25 d 0 100 h
2011 5 21 2011 12 7 0 0 0 1 0.05 25 d 0 100 h
2013 5 21 2013 12 7 0 0 0 1 0.05 25 d 0 100 h
2009 6 4 2009 12 21 0 0 0 1 0.05 25 d 0 100 h
2011 6 4 2011 12 21 0 0 0 1 0.05 25 d 0 100 h
2013 6 4 2013 12 21 0 0 0 1 0.05 25 d 0 100 h
2009 6 18 2010 1 4 0 0 0 1 0.05 25 d 0 100 h
2011 6 18 2012 1 4 0 0 0 1 0.05 25 d 0 100 h
2013 6 18 2014 1 4 0 0 0 1 0.05 25 d 0 100 h
2009 7 2 2010 1 18 0 0 0 1 0.05 25 d 0 100 h
2011 7 2 2012 1 18 0 0 0 1 0.05 25 d 0 100 h
2013 7 2 2014 1 18 0 0 0 1 0.05 25 d 0 100 h
2009 7 16 2010 2 1 0 0 0 1 0.05 25 d 0 100 h
2011 7 16 2012 2 1 0 0 0 1 0.05 25 d 0 100 h
2013 7 16 2014 2 1 0 0 0 1 0.05 25 d 0 100 h
2009 7 30 2010 2 15 0 0 0 1 0.05 25 d 0 100 h
2011 7 30 2012 2 15 0 0 0 1 0.05 25 d 0 100 h
2013 7 30 2014 2 15 0 0 0 1 0.05 25 d 0 100 h
2009 8 13 2010 3 1 0 0 0 1 0.05 25 d 0 100 h
2011 8 13 2012 2 29 0 0 0 1 0.05 25 d 0 100 h
2013 8 13 2014 3 1 0 0 0 1 0.05 25 d 0 100 h
2009 8 27 2010 3 15 0 0 0 1 0.05 25 d 0 100 h
2011 8 27 2012 3 14 0 0 0 1 0.05 25 d 0 100 h
2013 8 27 2014 3 15 0 0 0 1 0.05 25 d 0 100 h
2009 9 10 2010 3 29 0 0 0 1 0.05 25 d 0 100 h
2011 9 10 2012 3 28 0 0 0 1 0.05 25 d 0 100 h
2013 9 10 2014 3 29 0 0 0 1 0.05 25 d 0 100 h
2009 9 24 2010 4 12 0 0 0 1 0.05 25 d 0 100 h
2011 9 24 2012 4 11 0 0 0 1 0.05 25 d 0 100 h
2013 9 24 2014 4 12 0 0 0 1 0.05 25 d 0 100 h
2009 10 8 2010 4 26 0 0 0 1 0.05 25 d 0 100 h
2011 10 8 2012 4 25 0 0 0 1 0.05 25 d 0 100 h
2013 10 8 2014 4 26 0 0 0 1 0.05 25 d 0 100 h
2009 10 22 2010 5 10 0 0 0 1 0.05 25 d 0 100 h
2011 10 22 2012 5 9 0 0 0 1 0.05 25 d 0 100 h
2013 10 22 2014 5 10 0 0 0 1 0.05 25 d 0 100 h
2009 11 5 2010 5 24 0 0 0 1 0.05 25 d 0 100 h
2011 11 5 2012 5 23 0 0 0 1 0.05 25 d 0 100 h
2013 11 5 2014 5 24 0 0 0 1 0.05 25 d 0 100 h
2009 11 19 2010 6 7 0 0 0 1 0.05 25 d 0 100 h
2011 11 19 2012 6 6 0 0 0 1 0.05 25 d 0 100 h
2013 11 19 2014 6 7 0 0 0 1 0.05 25 d 0 100 h
2009 12 3 2010 6 21 0 0 0 1 0.05 25 d 0 100 h
2011 12 3 2012 6 20 0 0 0 1 0.05 25 d 0 100 h
2013 12 3 2014 6 21 0 0 0 1 0.05 25 d 0 100 h
2009 12 17 2010 7 5 0 0 0 1 0.05 25 d 0 100 h
2011 12 17 2012 7 4 0 0 0 1 0.05 25 d 0 100 h
2013 12 17 2014 7 5 0 0 0 1 0.05 25 d 0 100 h
2009 12 31 2010 7 19 0 0 0 1 0.05 25 d 0 100 h
2011 12 31 2012 7 18 0 0 0 1 0.05 25 d 0 100 h
2013 12 31 2014 7 19 0 0 0 1 0.05 25 d 0 100 h
2009 1 1 2009 7 20 0 0 0 0.1 0.05 25 d 0 100 h
2011 1 1 2011 7 20 0 0 0 0.1 0.05 25 d 0 100 h
2013 1 1 2013 7 20 0 0 0 0.1 0.05 25 d 0 100 h
2009 1 15 2009 8 3 0 0 0 0.1 0.05 25 d 0 100 h
2011 1 15 2011 8 3 0 0 0 0.1 0.05 25 d 0 100 h
2013 1 15 2013 8 3 0 0 0 0.1 0.05 25 d 0 100 h
2009 1 29 2009 8 17 0 0 0 0.1 0.05 25 d 0 100 h
2011 1 29 2011 8 17 0 0 0 0.1 0.05 25 d 0 100 h
2013 1 29 2013 8 17 0 0 0 0.1 0.05 25 d 0 100 h
2009 2 12 2009 8 31 0 0 0 0.1 0.05 25 d 0 100 h
2011 2 12 2011 8 31 0 0 0 0.1 0.05 25 d 0 100 h
2013 2 12 2013 8 31 0 0 0 0.1 0.05 25 d 0 100 h
2009 2 26 2009 9 14 0 0 0 0.1 0.05 25 d 0 100 h
2011 2 26 2011 9 14 0 0 0 0.1 0.05 25 d 0 100 h
2013 2 26 2013 9 14 0 0 0 0.1 0.05 25 d 0 100 h
2009 3 12 2009 9 28 0 0 0 0.1 0.05 25 d 0 100 h
2011 3 12 2011 9 28 0 0 0 0.1 0.05 25 d 0 100 h
2013 3 12 2013 9 28 0 0 0 0.1 0.05 25 d 0 100 h
2009 3 26 2009 10 12 0 0 0 0.1 0.05 25 d 0 100 h
2011 3 26 2011 10 12 0 0 0 0.1 0.05 25 d 0 100 h
2013 3 26 2013 10 12 0 0 0 0.1 0.05 25 d 0 100 h
2009 4 9 2009 10 26 0 0 0 0.1 0.05 25 d 0 100 h
2011 4 9 2011 10 26 0 0 0 0.1 0.05 25 d 0 100 h
2013 4 9 2013 10 26 0 0 0 0.1 0.05 25 d 0 100 h
2009 4 23 2009 11 9 0 0 0 0.1 0.05 25 d 0 100 h
2011 4 23 2011 11 9 0 0 0 0.1 0.05 25 d 0 100 h
2013 4 23 2013 11 9 0 0 0 0.1 0.05 25 d 0 100 h
2009 5 7 2009 11 23 0 0 0 0.1 0.05 25 d 0 100 h
2011 5 7 2011 11 23 0 0 0 0.1 0.05 25 d 0 100 h
2013 5 7 2013 11 23 0 0 0 0.1 0.05 25 d 0 100 h
2009 5 21 2009 12 7 0 0 0 0.1 0.05 25 d 0 100 h
2011 5 21 2011 12 7 0 0 0 0.1 0.05 25 d 0 100 h
2013 5 21 2013 12 7 0 0 0 0.1 0.05 25 d 0 100 h
2009 6 4 2009 12 21 0 0 0 0.1 0.05 25 d 0 100 h
2011 6 4 2011 12 21 0 0 0 0.1 0.05 25 d 0 100 h
2013 6 4 2013 12 21 0 0 0 0.1 0.05 25 d 0 100 h
2009 6 18 2010 1 4 0 0 0 0.1 0.05 25 d 0 100 h
2011 6 18 2012 1 4 0 0 0 0.1 0.05 25 d 0 100 h
2013 6 18 2014 1 4 0 0 0 0.1 0.05 25 d 0 100 h
2009 7 2 2010 1 18 0 0 0 0.1 0.05 25 d 0 100 h
2011 7 2 2012 1 18 0 0 0 0.1 0.05 25 d 0 100 h
2013 7 2 2014 1 18 0 0 0 0.1 0.05 25 d 0 100 h
2009 7 16 2010 2 1 0 0 0 0.1 0.05 25 d 0 100 h
2011 7 16 2012 2 1 0 0 0 0.1 0.05 25 d 0 100 h
2013 7 16 2014 2 1 0 0 0 0.1 0.05 25 d 0 100 h
2009 7 30 2010 2 15 0 0 0 0.1 0.05 25 d 0 100 h
2011 7 30 2012 2 15 0 0 0 0.1 0.05 25 d 0 100 h
2013 7 30 2014 2 15 0 0 0 0.1 0.05 25 d 0 100 h
2009 8 13 2010 3 1 0 0 0 0.1 0.05 25 d 0 100 h
2011 8 13 2012 2 29 0 0 0 0.1 0.05 25 d 0 100 h
2013 8 13 2014 3 1 0 0 0 0.1 0.05 25 d 0 100 h
2009 8 27 2010 3 15 0 0 0 0.1 0.05 25 d 0 100 h
2011 8 27 2012 3 14 0 0 0 0.1 0.05 25 d 0 100 h
2013 8 27 2014 3 15 0 0 0 0.1 0.05 25 d 0 100 h
2009 9 10 2010 3 29 0 0 0 0.1 0.05 25 d 0 100 h
2011 9 10 2012 3 28 0 0 0 0.1 0.05 25 d 0 100 h
2013 9 10 2014 3 29 0 0 0 0.1 0.05 25 d 0 100 h
2009 9 24 2010 4 12 0 0 0 0.1 0.05 25 d 0 100 h
2011 9 24 2012 4 11 0 0 0 0.1 0.05 25 d 0 100 h
2013 9 24 2014 4 12 0 0 0 0.1 0.05 25 d 0 100 h
2009 10 8 2010 4 26 0 0 0 0.1 0.05 25 d 0 100 h
2011 10 8 2012 4 25 0 0 0 0.1 0.05 25 d 0 100 h
2013 10 8 2014 4 26 0 0 0 0.1 0.05 25 d 0 100 h
2009 10 22 2010 5 10 0 0 0 0.1 0.05 25 d 0 100 h
2011 10 22 2012 5 9 0 0 0 0.1 0.05 25 d 0 100 h
2013 10 22 2014 5 10 0 0 0 0.1 0.05 25 d 0 100 h
2009 11 5 2010 5 24 0 0 0 0.1 0.05 25 d 0 100 h
2011 11 5 2012 5 23 0 0 0 0.1 0.05 25 d 0 100 h
2013 11 5 2014 5 24 0 0 0 0.1 0.05 25 d 0 100 h
2009 11 19 2010 6 7 0 0 0 0.1 0.05 25 d 0 100 h
2011 11 19 2012 6 6 0 0 0 0.1 0.05 25 d 0 100 h
2013 11 19 2014 6 7 0 0 0 0.1 0.05 25 d 0 100 h
2009 12 3 2010 6 21 0 0 0 0.1 0.05 25 d 0 100 h
2011 12 3 2012 6 20 0 0 0 0.1 0.05 25 d 0 100 h
2013 12 3 2014 6 21 0 0 0 0.1 0.05 25 d 0 100 h
2009 12 17 2010 7 5 0 0 0 0.1 0.05 25 d 0 100 h
2011 12 17 2012 7 4 0 0 0 0.1 0.05 25 d 0 100 h
2013 12 17 2014 7 5 0 0 0 0.1 0.05 25 d 0 100 h
2009 12 31 2010 7 19 0 0 0 0.1 0.05 25 d 0 100 h
2011 12 31 2012 7 18 0 0 0 0.1 0.05 25 d 0 100 h
2013 12 31 2014 7 19 0 0 0 0.1 0.05 25 d 0 100 h
2009 1 1 2009 7 20 0 0 0 1 0.05 25 t 0 100 h
2011 1 1 2011 7 20 0 0 0 1 0.05 25 t 0 100 h
2013 1 1 2013 7 20 0 0 0 1 0.05 25 t 0 100 h
2009 1 15 2009 8 3 0 0 0 1 0.05 25 t 0 100 h
2011 1 15 2011 8 3 0 0 0 1 0.05 25 t 0 100 h
2013 1 15 2013 8 3 0 0 0 1 0.05 25 t 0 100 h
2009 1 29 2009 8 17 0 0 0 1 0.05 25 t 0 100 h
2011 1 29 2011 8 17 0 0 0 1 0.05 25 t 0 100 h
2013 1 29 2013 8 17 0 0 0 1 0.05 25 t 0 100 h
2009 2 12 2009 8 31 0 0 0 1 0.05 25 t 0 100 h
2011 2 12 2011 8 31 0 0 0 1 0.05 25 t 0 100 h
2013 2 12 2013 8 31 0 0 0 1 0.05 25 t 0 100 h
2009 2 26 2009 9 14 0 0 0 1 0.05 25 t 0 100 h
2011 2 26 2011 9 14 0 0 0 1 0.05 25 t 0 100 h
2013 2 26 2013 9 14 0 0 0 1 0.05 25 t 0 100 h
2009 3 12 2009 9 28 0 0 0 1 0.05 25 t 0 100 h
2011 3 12 2011 9 28 0 0 0 1 0.05 25 t 0 100 h
2013 3 12 2013 9 28 0 0 0 1 0.05 25 t 0 100 h
2009 3 26 2009 10 12 0 0 0 1 0.05 25 t 0 100 h
2011 3 26 2011 10 12 0 0 0 1 0.05 25 t 0 100 h
2013 3 26 2013 10 12 0 0 0 1 0.05 25 t 0 100 h
2009 4 9 2009 10 26 0 0 0 1 0.05 25 t 0 100 h
2011 4 9 2011 10 26 0 0 0 1 0.05 25 t 0 100 h
2013 4 9 2013 10 26 0 0 0 1 0.05 25 t 0 100 h
2009 4 23 2009 11 9 0 0 0 1 0.05 25 t 0 100 h
2011 4 23 2011 11 9 0 0 0 1 0.05 25 t 0 100 h
2013 4 23 2013 11 9 0 0 0 1 0.05 25 t 0 100 h
2009 5 7 2009 11 23 0 0 0 1 0.05 25 t 0 100 h
2011 5 7 2011 11 23 0 0 0 1 0.05 25 t 0 100 h
2013 5 7 2013 11 23 0 0 0 1 0.05 25 t 0 100 h
2009 5 21 2009 12 7 0 0 0 1 0.05 25 t 0 100 h
2011 5 21 2011 12 7 0 0 0 1 0.05 25 t 0 100 h
2013 5 21 2013 12 7 0 0 0 1 0.05 25 t 0 100 h
2009 6 4 2009 12 21 0 0 0 1 0.05 25 t 0 100 h
2011 6 4 2011 12 21 0 0 0 1 0.05 25 t 0 100 h
2013 6 4 2013 12 21 0 0 0 1 0.05 25 t 0 100 h
2009 6 18 2010 1 4 0 0 0 1 0.05 25 t 0 100 h
2011 6 18 2012 1 4 0 0 0 1 0.05 25 t 0 100 h
2013 6 18 2014 1 4 0 0 0 1 0.05 25 t 0 100 h
2009 7 2 2010 1 18 0 0 0 1 0.05 25 t 0 100 h
2011 7 2 2012 1 18 0 0 0 1 0.05 25 t 0 100 h
2013 7 2 2014 1 18 0 0 0 1 0.05 25 t 0 100 h
2009 7 16 2010 2 1 0 0 0 1 0.05 25 t 0 100 h
2011 7 16 2012 2 1 0 0 0 1 0.05 25 t 0 100 h
2013 7 16 2014 2 1 0 0 0 1 0.05 25 t 0 100 h
2009 7 30 2010 2 15 0 0 0 1 0.05 25 t 0 100 h
2011 7 30 2012 2 15 0 0 0 1 0.05 25 t 0 100 h
2013 7 30 2014 2 15 0 0 0 1 0.05 25 t 0 100 h
2009 8 13 2010 3 1 0 0 0 1 0.05 25 t 0 100 h
2011 8 13 2012 2 29 0 0 0 1 0.05 25 t 0 100 h
2013 8 13 2014 3 1 0 0 0 1 0.05 25 t 0 100 h
2009 8 27 2010 3 15 0 0 0 1 0.05 25 t 0 100 h
2011 8 27 2012 3 14 0 0 0 1 0.05 25 t 0 100 h
2013 8 27 2014 3 15 0 0 0 1 0.05 25 t 0 100 h
2009 9 10 2010 3 29 0 0 0 1 0.05 25 t 0 100 h
2011 9 10 2012 3 28 0 0 0 1 0.05 25 t 0 100 h
2013 9 10 2014 3 29 0 0 0 1 0.05 25 t 0 100 h
2009 9 24 2010 4 12 0 0 0 1 0.05 25 t 0 100 h
2011 9 24 2012 4 11 0 0 0 1 0.05 25 t 0 100 h
2013 9 24 2014 4 12 0 0 0 1 0.05 25 t 0 100 h
2009 10 8 2010 4 26 0 0 0 1 0.05 25 t 0 100 h
2011 10 8 2012 4 25 0 0 0 1 0.05 25 t 0 100 h
2013 10 8 2014 4 26 0 0 0 1 0.05 25 t 0 100 h
2009 10 22 2010 5 10 0 0 0 1 0.05 25 t 0 100 h
2011 10 22 2012 5 9 0 0 0 1 0.05 25 t 0 100 h
2013 10 22 2014 5 10 0 0 0 1 0.05 25 t 0 100 h
2009 11 5 2010 5 24 0 0 0 1 0.05 25 t 0 100 h
2011 11 5 2012 5 23 0 0 0 1 0.05 25 t 0 100 h
2013 11 5 2014 5 24 0 0 0 1 0.05 25 t 0 100 h
2009 11 19 2010 6 7 0 0 0 1 0.05 25 t 0 100 h
2011 11 19 2012 6 6 0 0 0 1 0.05 25 t 0 100 h
2013 11 19 2014 6 7 0 0 0 1 0.05 25 t 0 100 h
2009 12 3 2010 6 21 0 0 0 1 0.05 25 t 0 100 h
2011 12 3 2012 6 20 0 0 0 1 0.05 25 t 0 100 h
2013 12 3 2014 6 21 0 0 0 1 0.05 25 t 0 100 h
2009 12 17 2010 7 5 0 0 0 1 0.05 25 t 0 100 h
2011 12 17 2012 7 4 0 0 0 1 0.05 25 t 0 100 h
2013 12 17 2014 7 5 0 0 0 1 0.05 25 t 0 100 h
2009 12 31 2010 7 19 0 0 0 1 0.05 25 t 0 100 h
2011 12 31 2012 7 18 0 0 0 1 0.05 25 t 0 100 h
2013 12 31 2014 7 19 0 0 0 1 0.05 25 t 0 100 h
2009 1 1 2009 7 20 0 0 0 0.1 0.05 25 t 0 100 h
2011 1 1 2011 7 20 0 0 0 0.1 0.05 25 t 0 100 h
2013 1 1 2013 7 20 0 0 0 0.1 0.05 25 t 0 100 h
2009 1 15 2009 8 3 0 0 0 0.1 0.05 25 t 0 100 h
2011 1 15 2011 8 3 0 0 0 0.1 0.05 25 t 0 100 h
2013 1 15 2013 8 3 0 0 0 0.1 0.05 25 t 0 100 h
2009 1 29 2009 8 17 0 0 0 0.1 0.05 25 t 0 100 h
2011 1 29 2011 8 17 0 0 0 0.1 0.05 25 t 0 100 h
2013 1 29 2013 8 17 0 0 0 0.1 0.05 25 t 0 100 h
2009 2 12 2009 8 31 0 0 0 0.1 0.05 25 t 0 100 h
2011 2 12 2011 8 31 0 0 0 0.1 0.05 25 t 0 100 h
2013 2 12 2013 8 31 0 0 0 0.1 0.05 25 t 0 100 h
2009 2 26 2009 9 14 0 0 0 0.1 0.05 25 t 0 100 h
2011 2 26 2011 9 14 0 0 0 0.1 0.05 25 t 0 100 h
2013 2 26 2013 9 14 0 0 0 0.1 0.05 25 t 0 100 h
2009 3 12 2009 9 28 0 0 0 0.1 0.05 25 t 0 100 h
2011 3 12 2011 9 28 0 0 0 0.1 0.05 25 t 0 100 h
2013 3 12 2013 9 28 0 0 0 0.1 0.05 25 t 0 100 h
2009 3 26 2009 10 12 0 0 0 0.1 0.05 25 t 0 100 h
2011 3 26 2011 10 12 0 0 0 0.1 0.05 25 t 0 100 h
2013 3 26 2013 10 12 0 0 0 0.1 0.05 25 t 0 100 h
2009 4 9 2009 10 26 0 0 0 0.1 0.05 25 t 0 100 h
2011 4 9 2011 10 26 0 0 0 0.1 0.05 25 t 0 100 h
2013 4 9 2013 10 26 0 0 0 0.1 0.05 25 t 0 100 h
2009 4 23 2009 11 9 0 0 0 0.1 0.05 25 t 0 100 h
2011 4 23 2011 11 9 0 0 0 0.1 0.05 25 t 0 100 h
2013 4 23 2013 11 9 0 0 0 0.1 0.05 25 t 0 100 h
2009 5 7 2009 11 23 0 0 0 0.1 0.05 25 t 0 100 h
2011 5 7 2011 11 23 0 0 0 0.1 0.05 25 t 0 100 h
2013 5 7 2013 11 23 0 0 0 0.1 0.05 25 t 0 100 h
2009 5 21 2009 12 7 0 0 0 0.1 0.05 25 t 0 100 h
2011 5 21 2011 12 7 0 0 0 0.1 0.05 25 t 0 100 h
2013 5 21 2013 12 7 0 0 0 0.1 0.05 25 t 0 100 h
2009 6 4 2009 12 21 0 0 0 0.1 0.05 25 t 0 100 h
2011 6 4 2011 12 21 0 0 0 0.1 0.05 25 t 0 100 h
2013 6 4 2013 12 21 0 0 0 0.1 0.05 25 t 0 100 h
2009 6 18 2010 1 4 0 0 0 0.1 0.05 25 t 0 100 h
2011 6 18 2012 1 4 0 0 0 0.1 0.05 25 t 0 100 h
2013 6 18 2014 1 4 0 0 0 0.1 0.05 25 t 0 100 h
2009 7 2 2010 1 18 0 0 0 0.1 0.05 25 t 0 100 h
2011 7 2 2012 1 18 0 0 0 0.1 0.05 25 t 0 100 h
2013 7 2 2014 1 18 0 0 0 0.1 0.05 25 t 0 100 h
2009 7 16 2010 2 1 0 0 0 0.1 0.05 25 t 0 100 h
2011 7 16 2012 2 1 0 0 0 0.1 0.05 25 t 0 100 h
2013 7 16 2014 2 1 0 0 0 0.1 0.05 25 t 0 100 h
2009 7 30 2010 2 15 0 0 0 0.1 0.05 25 t 0 100 h
2011 7 30 2012 2 15 0 0 0 0.1 0.05 25 t 0 100 h
2013 7 30 2014 2 15 0 0 0 0.1 0.05 25 t 0 100 h
2009 8 13 2010 3 1 0 0 0 0.1 0.05 25 t 0 100 h
2011 8 13 2012 2 29 0 0 0 0.1 0.05 25 t 0 100 h
2013 8 13 2014 3 1 0 0 0 0.1 0.05 25 t 0 100 h
2009 8 27 2010 3 15 0 0 0 0.1 0.05 25 t 0 100 h
2011 8 27 2012 3 14 0 0 0 0.1 0.05 25 t 0 100 h
2013 8 27 2014 3 15 0 0 0 0.1 0.05 25 t 0 100 h
2009 9 10 2010 3 29 0 0 0 0.1 0.05 25 t 0 100 h
2011 9 10 2012 3 28 0 0 0 0.1 0.05 25 t 0 100 h
2013 9 10 2014 3 29 0 0 0 0.1 0.05 25 t 0 100 h
2009 9 24 2010 4 12 0 0 0 0.1 0.05 25 t 0 100 h
2011 9 24 2012 4 11 0 0 0 0.1 0.05 25 t 0 100 h
2013 9 24 2014 4 12 0 0 0 0.1 0.05 25 t 0 100 h
2009 10 8 2010 4 26 0 0 0 0.1 0.05 25 t 0 100 h
2011 10 8 2012 4 25 0 0 0 0.1 0.05 25 t 0 100 h
2013 10 8 2014 4 26 0 0 0 0.1 0.05 25 t 0 100 h
2009 10 22 2010 5 10 0 0 0 0.1 0.05 25 t 0 100 h
2011 10 22 2012 5 9 0 0 0 0.1 0.05 25 t 0 100 h
2013 10 22 2014 5 10 0 0 0 0.1 0.05 25 t 0 100 h
2009 11 5 2010 5 24 0 0 0 0.1 0.05 25 t 0 100 h
2011 11 5 2012 5 23 0 0 0 0.1 0.05 25 t 0 100 h
2013 11 5 2014 5 24 0 0 0 0.1 0.05 25 t 0 100 h
2009 11 19 2010 6 7 0 0 0 0.1 0.05 25 t 0 100 h
2011 11 19 2012 6 6 0 0 0 0.1 0.05 25 t 0 100 h
2013 11 19 2014 6 7 0 0 0 0.1 0.05 25 t 0 100 h
2009 12 3 2010 6 21 0 0 0 0.1 0.05 25 t 0 100 h
2011 12 3 2012 6 20 0 0 0 0.1 0.05 25 t 0 100 h
2013 12 3 2014 6 21 0 0 0 0.1 0.05 25 t 0 100 h
2009 12 17 2010 7 5 0 0 0 0.1 0.05 25 t 0 100 h
2011 12 17 2012 7 4 0 0 0 0.1 0.05 25 t 0 100 h
2013 12 17 2014 7 5 0 0 0 0.1 0.05 25 t 0 100 h
2009 12 31 2010 7 19 0 0 0 0.1 0.05 25 t 0 100 h
2011 12 31 2012 7 18 0 0 0 0.1 0.05 25 t 0 100 h
2013 12 31 2014 7 19 0 0 0 0.1 0.05 25 t 0 100 h
